0.000000 0.425295 0.422366 0.425725
0.025000 0.425295 0.422366 0.425725
0.050000 0.425295 0.422366 0.425725
0.075000 0.425295 0.422366 0.425725
0.100000 0.425295 0.422366 0.425725
0.125000 0.425295 0.422366 0.425725
0.150000 0.425295 0.422366 0.425725
0.175000 0.425295 0.422366 0.425725
0.200000 0.425295 0.422366 0.425725
0.225000 0.425295 0.422366 0.425725
0.250000 0.425295 0.422366 0.425725
0.275000 0.425295 0.422366 0.425725
0.300000 0.425295 0.422366 0.425725
0.325000 0.425295 0.422366 0.425725
0.350000 0.425295 0.422366 0.425725
0.375000 0.425295 0.422366 0.425725
0.400000 0.425295 0.422366 0.425725
0.425000 0.425295 0.422366 0.425178
0.450000 0.425295 0.422366 0.423650
0.475000 0.425295 0.422366 0.423650
0.500000 0.425295 0.422004 0.422810
0.525000 0.425295 0.421371 0.421761
0.550000 0.425295 0.419577 0.420915
0.575000 0.425295 0.419577 0.420915
0.600000 0.425295 0.418472 0.419330
0.625000 0.425295 0.417667 0.418592
0.650000 0.425295 0.417447 0.417931
0.675000 0.425295 0.417447 0.415792
0.700000 0.425295 0.416241 0.413843
0.725000 0.425295 0.415510 0.411019
0.750000 0.424982 0.414133 0.408245
0.775000 0.424982 0.412808 0.403924
0.800000 0.423874 0.410753 0.396571
0.825000 0.423234 0.408392 0.367799
0.850000 0.420979 0.405258 0.249463
0.875000 0.419758 0.400607 0.000000
0.900000 0.418286 0.394227 0.000000
0.925000 0.414103 0.380563 0.000000
0.950000 0.408635 0.292599 0.000000
0.975000 0.391468 0.000000 0.000000
1.000000 0.269943 0.000000 0.000000
