0.000000 1.000000 1.000000 1.000000
0.025000 0.981481 0.985366 0.989583
0.050000 0.981481 0.982684 0.985216
0.075000 0.973863 0.982684 0.985216
0.100000 0.973863 0.982684 0.985216
0.125000 0.973863 0.982684 0.985216
0.150000 0.973863 0.982684 0.985216
0.175000 0.973863 0.982684 0.982482
0.200000 0.973863 0.982684 0.982006
0.225000 0.973863 0.980445 0.981394
0.250000 0.973863 0.979753 0.979533
0.275000 0.973863 0.978905 0.978873
0.300000 0.973863 0.976986 0.976367
0.325000 0.973863 0.976986 0.976367
0.350000 0.971681 0.975670 0.975597
0.375000 0.971542 0.973171 0.974232
0.400000 0.971542 0.973171 0.972485
0.425000 0.969675 0.972254 0.972485
0.450000 0.969529 0.970636 0.969756
0.475000 0.967490 0.970238 0.967520
0.500000 0.965604 0.968566 0.963898
0.525000 0.965498 0.967141 0.961842
0.550000 0.965498 0.963976 0.961085
0.575000 0.964189 0.961579 0.958862
0.600000 0.962449 0.958476 0.955520
0.625000 0.960420 0.956067 0.952195
0.650000 0.960420 0.955249 0.949062
0.675000 0.959670 0.953659 0.945244
0.700000 0.957908 0.949361 0.939855
0.725000 0.957908 0.947517 0.934411
0.750000 0.955126 0.942305 0.926722
0.775000 0.954238 0.939394 0.915672
0.800000 0.951163 0.935852 0.897621
0.825000 0.949419 0.930060 0.831112
0.850000 0.944544 0.923437 0.563149
0.875000 0.940372 0.911823 0.000000
0.900000 0.934937 0.896604 0.000000
0.925000 0.923027 0.864483 0.000000
0.950000 0.909347 0.663626 0.000000
0.975000 0.871316 0.000000 0.000000
1.000000 0.600197 0.000000 0.000000
