0.000000 0.420029 0.464160 0.458228
0.025000 0.420029 0.464160 0.458228
0.050000 0.420029 0.464160 0.458228
0.075000 0.420029 0.464160 0.458228
0.100000 0.420029 0.464160 0.458228
0.125000 0.420029 0.464160 0.458228
0.150000 0.418056 0.464160 0.458228
0.175000 0.418056 0.464160 0.458228
0.200000 0.418056 0.464160 0.458228
0.225000 0.418056 0.464160 0.458228
0.250000 0.418056 0.464160 0.458228
0.275000 0.418056 0.464160 0.458228
0.300000 0.418056 0.464160 0.458228
0.325000 0.418056 0.464160 0.458228
0.350000 0.418056 0.464160 0.458228
0.375000 0.418056 0.463755 0.458228
0.400000 0.418056 0.463755 0.458228
0.425000 0.418056 0.463755 0.458228
0.450000 0.418056 0.463755 0.458228
0.475000 0.415079 0.463755 0.458228
0.500000 0.415079 0.463755 0.454906
0.525000 0.415079 0.460919 0.452940
0.550000 0.415079 0.459734 0.452940
0.575000 0.415079 0.459734 0.441245
0.600000 0.412068 0.450514 0.435321
0.625000 0.412068 0.446099 0.433688
0.650000 0.412068 0.442215 0.432683
0.675000 0.403662 0.442215 0.427953
0.700000 0.397691 0.433350 0.425598
0.725000 0.389538 0.431621 0.419223
0.750000 0.387699 0.426732 0.417227
0.775000 0.383292 0.423600 0.412298
0.800000 0.376328 0.414011 0.396115
0.825000 0.374830 0.400411 0.381391
0.850000 0.371989 0.389454 0.366099
0.875000 0.368404 0.377402 0.180261
0.900000 0.339244 0.354036 0.000000
0.925000 0.327075 0.177687 0.000000
0.950000 0.193924 0.000000 0.000000
0.975000 0.000000 0.000000 0.000000
1.000000 0.000000 0.000000 0.000000
