0.000000 1.000000 1.000000 1.000000
0.025000 1.000000 1.000000 1.000000
0.050000 1.000000 1.000000 1.000000
0.075000 1.000000 1.000000 1.000000
0.100000 1.000000 1.000000 1.000000
0.125000 1.000000 1.000000 1.000000
0.150000 1.000000 1.000000 1.000000
0.175000 1.000000 1.000000 1.000000
0.200000 1.000000 1.000000 1.000000
0.225000 1.000000 0.993548 0.994012
0.250000 1.000000 0.993548 0.994012
0.275000 0.990566 0.993548 0.994012
0.300000 0.990566 0.991031 0.991304
0.325000 0.990566 0.991031 0.991304
0.350000 0.986755 0.991031 0.991304
0.375000 0.986755 0.991031 0.991304
0.400000 0.986755 0.991031 0.987654
0.425000 0.986755 0.987395 0.974729
0.450000 0.986755 0.973978 0.974729
0.475000 0.981013 0.973978 0.966102
0.500000 0.976048 0.965035 0.964744
0.525000 0.960674 0.963576 0.962428
0.550000 0.952128 0.960606 0.962428
0.575000 0.948980 0.960606 0.942779
0.600000 0.946860 0.948571 0.935401
0.625000 0.942478 0.942779 0.933002
0.650000 0.942478 0.932990 0.926540
0.675000 0.927966 0.930348 0.916479
0.700000 0.915663 0.914692 0.913420
0.725000 0.900383 0.909091 0.899177
0.750000 0.896679 0.905908 0.891304
0.775000 0.886926 0.893528 0.879245
0.800000 0.872054 0.875494 0.846831
0.825000 0.870130 0.847300 0.821192
0.850000 0.856698 0.827160 0.778963
0.875000 0.845238 0.797030 0.385348
0.900000 0.780749 0.742900 0.000000
0.925000 0.753769 0.374814 0.000000
0.950000 0.447025 0.000000 0.000000
0.975000 0.000000 0.000000 0.000000
1.000000 0.000000 0.000000 0.000000
