0.000000 1.000000 1.000000 1.000000
0.025000 1.000000 1.000000 1.000000
0.050000 1.000000 0.992248 0.990521
0.075000 0.990909 0.992248 0.990521
0.100000 0.990909 0.990950 0.990521
0.125000 0.988327 0.990950 0.990323
0.150000 0.988327 0.990132 0.990323
0.175000 0.988327 0.990132 0.983607
0.200000 0.988327 0.982857 0.983254
0.225000 0.988327 0.982456 0.983015
0.250000 0.982014 0.981859 0.980806
0.275000 0.979351 0.979123 0.974271
0.300000 0.979351 0.975425 0.971519
0.325000 0.978082 0.970921 0.968300
0.350000 0.974811 0.970921 0.957447
0.375000 0.974178 0.966967 0.950617
0.400000 0.971111 0.955182 0.945790
0.425000 0.964775 0.947849 0.940412
0.450000 0.964775 0.942260 0.937819
0.475000 0.959633 0.938799 0.934552
0.500000 0.946644 0.934569 0.925090
0.525000 0.941080 0.933333 0.914894
0.550000 0.936037 0.922625 0.904418
0.575000 0.929308 0.908924 0.890826
0.600000 0.925352 0.899034 0.875714
0.625000 0.919893 0.882645 0.852744
0.650000 0.917843 0.867910 0.832602
0.675000 0.906634 0.849446 0.814683
0.700000 0.893567 0.828710 0.786777
0.725000 0.878049 0.804291 0.729290
0.750000 0.852544 0.787692 0.682731
0.775000 0.836795 0.732558 0.501119
0.800000 0.807763 0.691840 0.000000
0.825000 0.777394 0.496466 0.000000
0.850000 0.743200 0.000000 0.000000
0.875000 0.617324 0.000000 0.000000
0.900000 0.460152 0.000000 0.000000
0.925000 0.000000 0.000000 0.000000
0.950000 0.000000 0.000000 0.000000
0.975000 0.000000 0.000000 0.000000
1.000000 0.000000 0.000000 0.000000
