0.000000 0.488489 0.478737 0.479879
0.025000 0.488489 0.478737 0.479879
0.050000 0.488489 0.478737 0.479879
0.075000 0.488489 0.478737 0.479879
0.100000 0.488489 0.478737 0.479879
0.125000 0.488489 0.478737 0.479879
0.150000 0.488489 0.478737 0.479879
0.175000 0.488489 0.478737 0.479879
0.200000 0.488489 0.478737 0.479879
0.225000 0.488489 0.478737 0.479879
0.250000 0.488489 0.478645 0.479879
0.275000 0.488489 0.478645 0.479835
0.300000 0.488489 0.478645 0.479835
0.325000 0.485019 0.478645 0.478675
0.350000 0.477627 0.478645 0.472382
0.375000 0.477627 0.478073 0.466728
0.400000 0.477336 0.469478 0.462976
0.425000 0.477336 0.465042 0.459352
0.450000 0.477336 0.461827 0.457478
0.475000 0.475318 0.460086 0.455051
0.500000 0.463051 0.456738 0.450421
0.525000 0.459120 0.455887 0.446736
0.550000 0.457767 0.451482 0.442645
0.575000 0.454266 0.444179 0.437968
0.600000 0.453223 0.441018 0.431342
0.625000 0.451208 0.434311 0.420422
0.650000 0.451208 0.428332 0.411679
0.675000 0.446708 0.419310 0.402711
0.700000 0.439888 0.410379 0.387511
0.725000 0.432518 0.398478 0.357172
0.750000 0.420760 0.390075 0.333652
0.775000 0.412836 0.360763 0.244039
0.800000 0.400844 0.340914 0.000000
0.825000 0.386143 0.242656 0.000000
0.850000 0.367686 0.000000 0.000000
0.875000 0.305100 0.000000 0.000000
0.900000 0.227213 0.000000 0.000000
0.925000 0.000000 0.000000 0.000000
0.950000 0.000000 0.000000 0.000000
0.975000 0.000000 0.000000 0.000000
1.000000 0.000000 0.000000 0.000000
